,stim_type,parameter,onset,offset,duration,sweep
0,biphasic,30,313.17998,313.18038,0.0004,0
1,biphasic,30,317.04933,317.04973,0.0004,0
2,biphasic,50,321.01047,321.01087,0.0004,0
3,biphasic,70,325.49254,325.49294,0.0004,0
4,biphasic,70,329.14937,329.14977,0.0004,0
5,biphasic,50,333.50532,333.50572,0.0004,0
6,biphasic,70,337.65051,337.65091,0.0004,0
7,biphasic,30,341.52721,341.52761,0.0004,0
8,biphasic,70,345.21856,345.21896,0.0004,0
9,biphasic,30,349.14724,349.14764,0.0004,0
10,biphasic,30,353.12969,353.13009,0.0004,0
11,biphasic,70,356.75073,356.75113,0.0004,0
12,biphasic,70,360.84066,360.84106,0.0004,0
13,biphasic,50,364.56727,364.56767,0.0004,0
14,biphasic,30,368.45231,368.45271,0.0004,0
15,biphasic,50,372.53572,372.53612,0.0004,0
16,biphasic,70,376.28795,376.28835,0.0004,0
17,biphasic,30,380.07881,380.07921,0.0004,0
18,biphasic,70,384.19634,384.19674,0.0004,0
19,biphasic,50,387.96204,387.96244,0.0004,0
20,biphasic,70,392.28685,392.28725,0.0004,0
21,biphasic,70,396.76994,396.77034,0.0004,0
22,biphasic,30,401.00061,401.00101,0.0004,0
23,biphasic,50,404.84492,404.84532,0.0004,0
24,biphasic,30,408.9294,408.9298,0.0004,0
25,biphasic,50,412.53759,412.53799,0.0004,0
26,biphasic,70,416.94432,416.94472,0.0004,0
27,biphasic,30,421.32441,421.32481,0.0004,0
28,biphasic,50,425.6426,425.643,0.0004,0
29,biphasic,50,429.40374,429.40414,0.0004,0
30,biphasic,50,433.49853,433.49893,0.0004,0
31,biphasic,70,437.02147,437.02187,0.0004,0
32,biphasic,30,440.94716,440.94756,0.0004,0
33,biphasic,30,444.7603,444.7607,0.0004,0
34,biphasic,70,448.42221,448.42261,0.0004,0
35,biphasic,70,452.10139,452.10179,0.0004,0
36,biphasic,30,456.0247,456.0251,0.0004,0
37,biphasic,70,459.61934,459.61974,0.0004,0
38,biphasic,50,463.71829,463.71869,0.0004,0
39,biphasic,50,467.68964,467.69004,0.0004,0
40,biphasic,50,471.88601,471.88641,0.0004,0
41,biphasic,30,476.08631,476.08671,0.0004,0
42,biphasic,50,480.22528,480.22568,0.0004,0
43,biphasic,70,483.75931,483.75971,0.0004,0
44,biphasic,30,487.32853,487.32893,0.0004,0
45,biphasic,50,491.14855,491.14895,0.0004,0
46,biphasic,70,495.17984,495.18024,0.0004,0
47,biphasic,50,499.33471,499.33511,0.0004,0
48,biphasic,70,503.24276,503.24316,0.0004,0
49,biphasic,30,507.56316,507.56356,0.0004,0
50,biphasic,30,511.78195,511.78235,0.0004,0
51,biphasic,50,516.25102,516.25142,0.0004,0
52,biphasic,50,520.28279,520.28319,0.0004,0
53,biphasic,30,524.10836,524.10876,0.0004,0
54,biphasic,70,527.7144,527.7148,0.0004,0
55,biphasic,30,531.82579,531.82619,0.0004,0
56,biphasic,30,536.10502,536.10542,0.0004,0
57,biphasic,30,540.0289,540.0293,0.0004,0
58,biphasic,30,543.62015,543.62055,0.0004,0
59,biphasic,30,547.38705,547.38745,0.0004,0
60,biphasic,70,551.04114,551.04154,0.0004,0
61,biphasic,70,554.82256,554.82296,0.0004,0
62,biphasic,50,558.76307,558.76347,0.0004,0
63,biphasic,50,562.79063,562.79103,0.0004,0
64,biphasic,70,566.74848,566.74888,0.0004,0
65,biphasic,30,571.12429,571.12469,0.0004,0
66,biphasic,70,575.14278,575.14318,0.0004,0
67,biphasic,70,579.58683,579.58723,0.0004,0
68,biphasic,50,583.72495,583.72535,0.0004,0
69,biphasic,70,588.18308,588.18348,0.0004,0
70,biphasic,50,591.92421,591.92461,0.0004,0
71,biphasic,50,596.10076,596.10116,0.0004,0
72,biphasic,50,599.89024,599.89064,0.0004,0
73,biphasic,30,604.06247,604.06287,0.0004,0
74,biphasic,50,608.25804,608.25844,0.0004,0
75,biphasic,70,611.82646,611.82686,0.0004,0
76,biphasic,50,615.58169,615.58209,0.0004,0
77,biphasic,30,619.30615,619.30655,0.0004,0
78,biphasic,70,623.47442,623.47482,0.0004,0
79,biphasic,70,627.81925,627.81965,0.0004,0
80,biphasic,50,631.66413,631.66453,0.0004,0
81,biphasic,50,635.94508,635.94548,0.0004,0
82,biphasic,30,640.12085,640.12125,0.0004,0
83,biphasic,50,643.62799,643.62839,0.0004,0
84,biphasic,50,647.7306,647.731,0.0004,0
85,biphasic,30,651.61781,651.61821,0.0004,0
86,biphasic,50,656.03424,656.03464,0.0004,0
87,biphasic,70,659.53582,659.53622,0.0004,0
88,biphasic,50,663.49869,663.49909,0.0004,0
89,biphasic,70,667.42345,667.42385,0.0004,0
90,biphasic,50,671.3848,671.3852,0.0004,0
91,biphasic,70,675.65539,675.65579,0.0004,0
92,biphasic,50,679.47829,679.47869,0.0004,0
93,biphasic,50,683.76346,683.76386,0.0004,0
94,biphasic,30,687.73525,687.73565,0.0004,0
95,biphasic,30,691.27143,691.27183,0.0004,0
96,biphasic,30,694.94774,694.94814,0.0004,0
97,biphasic,30,699.16992,699.17033,0.0004,0
98,biphasic,30,703.14383,703.14423,0.0004,0
99,biphasic,50,706.79698,706.79738,0.0004,0
100,biphasic,50,710.63852,710.63892,0.0004,0
101,biphasic,70,714.74633,714.74673,0.0004,0
102,biphasic,50,718.43849,718.43889,0.0004,0
103,biphasic,50,722.67734,722.67774,0.0004,0
104,biphasic,30,726.42063,726.42103,0.0004,0
105,biphasic,50,730.83848,730.83888,0.0004,0
106,biphasic,70,734.60796,734.60836,0.0004,0
107,biphasic,30,738.87389,738.87429,0.0004,0
108,biphasic,30,742.56297,742.56337,0.0004,0
109,biphasic,30,746.3509,746.3513,0.0004,0
110,biphasic,30,749.94244,749.94284,0.0004,0
111,biphasic,70,754.01907,754.01947,0.0004,0
112,biphasic,50,758.20286,758.20326,0.0004,0
113,biphasic,50,762.24989,762.25029,0.0004,0
114,biphasic,50,766.17603,766.17643,0.0004,0
115,biphasic,70,770.3209,770.3213,0.0004,0
116,biphasic,50,774.46895,774.46935,0.0004,0
117,biphasic,50,778.64839,778.64879,0.0004,0
118,biphasic,30,782.7846,782.785,0.0004,0
119,biphasic,30,787.23021,787.23061,0.0004,0
120,biphasic,50,790.93958,790.93998,0.0004,0
121,biphasic,70,795.14928,795.14968,0.0004,0
122,biphasic,70,798.88595,798.88635,0.0004,0
123,biphasic,30,802.50577,802.50617,0.0004,0
124,biphasic,50,806.6135,806.6139,0.0004,0
125,biphasic,70,810.56407,810.56447,0.0004,0
126,biphasic,30,814.52321,814.52361,0.0004,0
127,biphasic,30,818.68558,818.68598,0.0004,0
128,biphasic,50,822.95629,822.95669,0.0004,0
129,biphasic,50,826.80694,826.80734,0.0004,0
130,biphasic,30,830.96938,830.96978,0.0004,0
131,biphasic,50,834.88597,834.88637,0.0004,0
132,biphasic,70,839.22832,839.22872,0.0004,0
133,biphasic,50,843.56167,843.56207,0.0004,0
134,biphasic,50,847.31853,847.31893,0.0004,0
135,biphasic,70,851.43242,851.43282,0.0004,0
136,biphasic,50,855.51509,855.51549,0.0004,0
137,biphasic,30,859.55625,859.55665,0.0004,0
138,biphasic,30,863.92662,863.92702,0.0004,0
139,biphasic,50,867.69183,867.69223,0.0004,0
140,biphasic,70,871.51033,871.51073,0.0004,0
141,biphasic,30,875.12998,875.13038,0.0004,0
142,biphasic,70,879.57023,879.57063,0.0004,0
143,biphasic,70,883.71621,883.71661,0.0004,0
144,biphasic,50,887.6961,887.6965,0.0004,0
145,biphasic,50,891.83585,891.83625,0.0004,0
146,biphasic,50,895.88099,895.88139,0.0004,0
147,biphasic,50,900.02874,900.02914,0.0004,0
148,biphasic,70,904.07305,904.07345,0.0004,0
149,biphasic,50,908.29452,908.29492,0.0004,0
150,biphasic,70,912.31744,912.31784,0.0004,0
151,biphasic,30,916.81157,916.81197,0.0004,0
152,biphasic,70,920.53068,920.53108,0.0004,0
153,biphasic,50,924.1369,924.1373,0.0004,0
154,biphasic,50,927.74703,927.74743,0.0004,0
155,biphasic,50,931.31105,931.31145,0.0004,0
156,biphasic,70,935.21606,935.21646,0.0004,0
157,biphasic,70,939.16486,939.16526,0.0004,0
158,biphasic,50,943.03111,943.03151,0.0004,0
159,biphasic,50,947.29504,947.29544,0.0004,0
160,biphasic,30,951.42336,951.42376,0.0004,0
161,biphasic,50,955.69577,955.69617,0.0004,0
162,biphasic,30,960.12906,960.12946,0.0004,0
163,biphasic,30,964.60223,964.60263,0.0004,0
164,biphasic,50,968.29467,968.29507,0.0004,0
165,biphasic,30,971.93398,971.93438,0.0004,0
166,biphasic,50,976.13067,976.13107,0.0004,0
167,biphasic,70,979.72491,979.72531,0.0004,0
168,biphasic,70,983.75074,983.75114,0.0004,0
169,biphasic,30,987.7815,987.7819,0.0004,0
170,biphasic,50,992.14307,992.14347,0.0004,0
171,biphasic,70,996.12836,996.12876,0.0004,0
172,biphasic,30,1000.02224,1000.02265,0.0004,0
173,biphasic,70,1004.19411,1004.19451,0.0004,0
174,biphasic,30,1008.4358,1008.4362,0.0004,0
175,biphasic,50,1012.45629,1012.45669,0.0004,0
176,biphasic,70,1016.30443,1016.30483,0.0004,0
177,biphasic,70,1019.95486,1019.95526,0.0004,0
178,biphasic,50,1024.04138,1024.04178,0.0004,0
179,biphasic,70,1027.80395,1027.80435,0.0004,0
180,biphasic,30,1031.34883,1031.34923,0.0004,0
181,biphasic,70,1035.6042,1035.6046,0.0004,0
182,biphasic,50,1039.34741,1039.34781,0.0004,0
183,biphasic,70,1043.29023,1043.29063,0.0004,0
184,biphasic,30,1047.47846,1047.47886,0.0004,0
185,biphasic,70,1051.3381,1051.3385,0.0004,0
186,biphasic,70,1055.57487,1055.57527,0.0004,0
187,biphasic,30,1059.47,1059.4704,0.0004,0
188,biphasic,50,1063.65385,1063.65425,0.0004,0
189,biphasic,50,1067.85831,1067.85871,0.0004,0
190,biphasic,50,1071.80104,1071.80144,0.0004,0
191,biphasic,50,1075.32104,1075.32144,0.0004,0
192,biphasic,70,1079.15233,1079.15273,0.0004,0
193,biphasic,70,1083.07705,1083.07745,0.0004,0
194,biphasic,70,1086.84776,1086.84816,0.0004,0
195,biphasic,70,1090.54524,1090.54564,0.0004,0
196,biphasic,30,1094.86739,1094.86779,0.0004,0
197,biphasic,30,1098.79774,1098.79814,0.0004,0
198,biphasic,50,1103.18595,1103.18635,0.0004,0
199,biphasic,30,1107.07755,1107.07795,0.0004,0
200,biphasic,70,1111.3471,1111.3475,0.0004,0
201,biphasic,70,1115.24433,1115.24473,0.0004,0
202,biphasic,30,1119.55327,1119.55367,0.0004,0
203,biphasic,50,1123.80878,1123.80918,0.0004,0
204,biphasic,30,1127.68661,1127.68701,0.0004,0
205,biphasic,70,1131.40305,1131.40345,0.0004,0
206,biphasic,30,1135.69388,1135.69428,0.0004,0
207,biphasic,50,1140.14361,1140.14401,0.0004,0
208,biphasic,50,1143.97159,1143.97199,0.0004,0
209,biphasic,70,1148.14328,1148.14368,0.0004,0
210,biphasic,30,1152.08235,1152.08275,0.0004,0
211,biphasic,30,1156.41627,1156.41667,0.0004,0
212,biphasic,50,1160.68556,1160.68596,0.0004,0
213,biphasic,70,1164.35324,1164.35364,0.0004,0
214,biphasic,70,1168.71565,1168.71605,0.0004,0
215,biphasic,50,1173.20596,1173.20636,0.0004,0
216,biphasic,30,1177.22081,1177.22121,0.0004,0
217,biphasic,30,1181.60551,1181.60591,0.0004,0
218,biphasic,50,1185.69396,1185.69436,0.0004,0
219,biphasic,50,1189.34914,1189.34954,0.0004,0
220,biphasic,30,1193.04943,1193.04983,0.0004,0
221,biphasic,50,1196.95681,1196.95721,0.0004,0
222,biphasic,70,1201.20594,1201.20634,0.0004,0
223,biphasic,30,1205.53194,1205.53234,0.0004,0
224,biphasic,70,1209.82233,1209.82273,0.0004,0
225,biphasic,50,1213.64127,1213.64167,0.0004,0
226,biphasic,50,1217.67576,1217.67616,0.0004,0
227,biphasic,70,1221.26614,1221.26654,0.0004,0
228,biphasic,50,1224.87826,1224.87866,0.0004,0
229,biphasic,70,1228.51498,1228.51538,0.0004,0
230,biphasic,50,1232.69407,1232.69447,0.0004,0
231,biphasic,30,1236.68967,1236.69007,0.0004,0
232,biphasic,50,1240.37982,1240.38022,0.0004,0
233,biphasic,70,1244.37524,1244.37564,0.0004,0
234,biphasic,50,1248.02326,1248.02366,0.0004,0
235,biphasic,70,1251.57866,1251.57907,0.0004,0
236,biphasic,30,1255.92981,1255.93021,0.0004,0
237,biphasic,30,1259.9908,1259.9912,0.0004,0
238,biphasic,30,1264.42082,1264.42122,0.0004,0
239,biphasic,30,1268.61791,1268.61831,0.0004,0
240,biphasic,70,1272.70113,1272.70153,0.0004,0
241,biphasic,70,1277.01696,1277.01736,0.0004,0
242,biphasic,70,1281.3964,1281.3968,0.0004,0
243,biphasic,70,1285.88575,1285.88615,0.0004,0
244,biphasic,70,1289.38669,1289.38709,0.0004,0
245,biphasic,30,1293.75256,1293.75296,0.0004,0
246,biphasic,70,1297.86554,1297.86594,0.0004,0
247,biphasic,30,1302.35593,1302.35633,0.0004,0
248,biphasic,70,1306.38403,1306.38443,0.0004,0
249,biphasic,70,1310.36397,1310.36437,0.0004,0
250,biphasic,50,1314.66574,1314.66614,0.0004,0
251,biphasic,30,1318.394,1318.3944,0.0004,0
252,biphasic,30,1322.39252,1322.39292,0.0004,0
253,biphasic,70,1326.79381,1326.79421,0.0004,0
254,biphasic,70,1330.86889,1330.86929,0.0004,0
255,biphasic,30,1335.2145,1335.2149,0.0004,0
256,biphasic,70,1339.45356,1339.45396,0.0004,0
257,biphasic,30,1343.53997,1343.54037,0.0004,0
258,biphasic,30,1347.28713,1347.28753,0.0004,0
259,biphasic,50,1351.45397,1351.45437,0.0004,0
260,biphasic,70,1355.03787,1355.03827,0.0004,0
261,biphasic,70,1359.16425,1359.16465,0.0004,0
262,biphasic,70,1363.32562,1363.32602,0.0004,0
263,biphasic,70,1367.5558,1367.5562,0.0004,0
264,biphasic,70,1371.94699,1371.94739,0.0004,0
265,biphasic,50,1376.42971,1376.43011,0.0004,0
266,biphasic,70,1380.69916,1380.69956,0.0004,0
267,biphasic,30,1384.78102,1384.78142,0.0004,0
268,biphasic,70,1389.20976,1389.21016,0.0004,0
269,biphasic,50,1393.29029,1393.29069,0.0004,0
270,biphasic,30,1396.80769,1396.80809,0.0004,0
271,biphasic,30,1400.42897,1400.42937,0.0004,0
272,biphasic,30,1404.79211,1404.79251,0.0004,0
273,biphasic,30,1408.77683,1408.77723,0.0004,0
274,biphasic,30,1413.12212,1413.12252,0.0004,0
275,biphasic,30,1416.83194,1416.83234,0.0004,0
276,biphasic,30,1420.88466,1420.88506,0.0004,0
277,biphasic,30,1425.01496,1425.01536,0.0004,0
278,biphasic,50,1428.54738,1428.54778,0.0004,0
279,biphasic,70,1432.66253,1432.66293,0.0004,0
280,biphasic,30,1436.52537,1436.52577,0.0004,0
281,biphasic,50,1440.07533,1440.07573,0.0004,0
282,biphasic,50,1444.06533,1444.06573,0.0004,0
283,biphasic,30,1447.75827,1447.75867,0.0004,0
284,biphasic,30,1451.38177,1451.38217,0.0004,0
285,biphasic,50,1455.08769,1455.08809,0.0004,0
286,biphasic,30,1458.73463,1458.73503,0.0004,0
287,biphasic,70,1462.42413,1462.42453,0.0004,0
288,biphasic,50,1465.96721,1465.96761,0.0004,0
289,biphasic,30,1470.10283,1470.10323,0.0004,0
290,biphasic,70,1473.88511,1473.88551,0.0004,0
291,biphasic,50,1477.92413,1477.92453,0.0004,0
292,biphasic,70,1482.11971,1482.12012,0.0004,0
293,biphasic,70,1486.11926,1486.11966,0.0004,0
294,biphasic,50,1490.15548,1490.15588,0.0004,0
295,biphasic,30,1494.10108,1494.10148,0.0004,0
296,biphasic,30,1497.72544,1497.72584,0.0004,0
297,biphasic,70,1501.71622,1501.71662,0.0004,0
298,biphasic,50,1506.06964,1506.07004,0.0004,0
299,biphasic,70,1510.44399,1510.44439,0.0004,0
300,biphasic,50,1514.21471,1514.21511,0.0004,0
301,biphasic,30,1517.92359,1517.92399,0.0004,0
302,biphasic,70,1521.98899,1521.98939,0.0004,0
303,biphasic,30,1526.12973,1526.13013,0.0004,0
304,biphasic,30,1530.04717,1530.04757,0.0004,0
305,biphasic,70,1533.75357,1533.75397,0.0004,0
306,biphasic,30,1538.20193,1538.20233,0.0004,0
307,biphasic,50,1541.78443,1541.78483,0.0004,0
308,biphasic,30,1545.39055,1545.39095,0.0004,0
309,biphasic,50,1549.03301,1549.03341,0.0004,0
310,biphasic,70,1552.69989,1552.70029,0.0004,0
311,biphasic,50,1556.82127,1556.82167,0.0004,0
312,biphasic,50,1560.89541,1560.89581,0.0004,0
313,biphasic,50,1564.44791,1564.44831,0.0004,0
314,biphasic,70,1568.87954,1568.87994,0.0004,0
315,biphasic,70,1573.10862,1573.10902,0.0004,0
316,biphasic,70,1577.34688,1577.34728,0.0004,0
317,biphasic,30,1580.9107,1580.9111,0.0004,0
318,biphasic,70,1585.27156,1585.27196,0.0004,0
319,biphasic,50,1589.70639,1589.70679,0.0004,0
320,biphasic,50,1594.19121,1594.19161,0.0004,0
321,biphasic,70,1598.55057,1598.55097,0.0004,0
322,biphasic,70,1602.83655,1602.83695,0.0004,0
323,biphasic,50,1606.85035,1606.85075,0.0004,0
324,biphasic,50,1610.52837,1610.52877,0.0004,0
325,biphasic,70,1614.42737,1614.42777,0.0004,0
326,biphasic,30,1618.06173,1618.06213,0.0004,0
327,biphasic,30,1621.59305,1621.59345,0.0004,0
328,biphasic,30,1626.03261,1626.03301,0.0004,0
329,biphasic,70,1629.83433,1629.83473,0.0004,0
330,biphasic,50,1633.63029,1633.63069,0.0004,0
331,biphasic,50,1637.46365,1637.46405,0.0004,0
332,biphasic,30,1641.43113,1641.43153,0.0004,0
333,biphasic,50,1645.57975,1645.58015,0.0004,0
334,biphasic,30,1649.10539,1649.10579,0.0004,0
335,biphasic,30,1653.44801,1653.44841,0.0004,0
336,biphasic,50,1657.50748,1657.50788,0.0004,0
337,biphasic,50,1661.862,1661.8624,0.0004,0
338,biphasic,70,1665.7103,1665.7107,0.0004,0
339,biphasic,50,1669.65674,1669.65714,0.0004,0
340,biphasic,30,1673.2114,1673.2118,0.0004,0
341,biphasic,70,1676.88891,1676.88931,0.0004,0
342,biphasic,50,1681.05214,1681.05254,0.0004,0
343,biphasic,30,1684.88338,1684.88378,0.0004,0
344,biphasic,30,1689.28228,1689.28268,0.0004,0
345,biphasic,30,1692.90086,1692.90126,0.0004,0
346,biphasic,30,1697.3897,1697.3901,0.0004,0
347,biphasic,30,1701.4301,1701.4305,0.0004,0
348,biphasic,30,1705.63744,1705.63784,0.0004,0
349,biphasic,70,1710.13736,1710.13776,0.0004,0
350,biphasic,30,1713.92562,1713.92602,0.0004,0
351,biphasic,30,1717.84056,1717.84096,0.0004,0
352,biphasic,70,1721.80582,1721.80622,0.0004,0
353,biphasic,70,1726.0702,1726.0706,0.0004,0
354,biphasic,50,1730.38883,1730.38923,0.0004,0
355,biphasic,70,1733.98946,1733.98986,0.0004,0
356,biphasic,70,1737.668,1737.6684,0.0004,0
357,biphasic,70,1741.52806,1741.52846,0.0004,0
358,biphasic,30,1745.08518,1745.08558,0.0004,0
359,biphasic,70,1749.10748,1749.10788,0.0004,0
360,circle,white,1828.39804,1828.64739,0.24935,0
361,circle,white,1832.70163,1832.95097,0.24934,0
362,circle,white,1837.0219,1837.27124,0.24934,0
363,circle,white,1841.04192,1841.30797,0.26605,0
364,circle,white,1844.97855,1845.2279,0.24935,0
365,circle,white,1849.16535,1849.43138,0.26603,0
366,circle,white,1853.21874,1853.48476,0.26602,0
367,circle,white,1857.55569,1857.80506,0.24937,0
368,circle,white,1861.30881,1861.57488,0.26607,0
369,circle,white,1865.1287,1865.37806,0.24936,0
370,circle,white,1869.39893,1869.6483,0.24937,0
371,circle,white,1874.01944,1874.28547,0.26603,0
372,circle,white,1878.08951,1878.33889,0.24938,0
373,circle,white,1882.5599,1882.80926,0.24936,0
374,circle,white,1887.24715,1887.51319,0.26604,0
375,circle,white,1891.90108,1892.1671,0.26602,0
376,circle,white,1895.67085,1895.92024,0.24939,0
377,circle,white,1900.10788,1900.35727,0.24939,0
378,circle,white,1904.0612,1904.32724,0.26604,0
379,circle,white,1908.63171,1908.89774,0.26603,0
380,circle,white,1912.60166,1912.86772,0.26606,0
381,circle,white,1916.57166,1916.83772,0.26606,0
382,circle,white,1920.37485,1920.62421,0.24936,0
383,circle,white,1924.39485,1924.66092,0.26607,0
384,circle,white,1928.19804,1928.44743,0.24939,0
385,circle,white,1932.4349,1932.68429,0.24939,0
386,circle,white,1937.17223,1937.4216,0.24937,0
387,circle,white,1941.02543,1941.29151,0.26608,0
388,circle,white,1945.3457,1945.59508,0.24938,0
389,circle,white,1949.94956,1950.21563,0.26607,0
390,circle,white,1954.65349,1954.90289,0.2494,0
391,circle,white,1958.4233,1958.67269,0.24939,0
392,circle,white,1962.54341,1962.79281,0.2494,0
393,circle,white,1967.08055,1967.32994,0.24939,0
394,circle,white,1971.40084,1971.65021,0.24937,0
395,circle,white,1975.28742,1975.53681,0.24939,0
396,circle,white,1979.57436,1979.84039,0.26603,0
397,circle,white,1983.79452,1984.0439,0.24938,0
398,circle,white,1987.56435,1987.83042,0.26607,0
399,circle,white,1991.90131,1992.15071,0.2494,0
400,circle,white,1996.30502,1996.55441,0.24939,0
401,circle,white,2000.94219,2001.19162,0.24943,0
402,circle,white,2004.91221,2005.16159,0.24938,0
403,circle,white,2008.88218,2009.14825,0.26607,0
404,circle,white,2013.05236,2013.30174,0.24938,0
405,circle,white,2017.65622,2017.90559,0.24937,0
406,circle,white,2021.57614,2021.82553,0.24939,0
407,circle,white,2025.59617,2025.84556,0.24939,0
408,circle,white,2030.04992,2030.2993,0.24938,0
409,circle,white,2034.62039,2034.88647,0.26608,0
410,circle,white,2038.94067,2039.19008,0.24941,0
411,circle,white,2043.09414,2043.34355,0.24941,0
412,circle,white,2046.864,2047.13003,0.26603,0
413,circle,white,2051.4011,2051.66718,0.26608,0
414,circle,white,2055.25433,2055.5037,0.24937,0
415,circle,white,2059.67467,2059.92408,0.24941,0
416,circle,white,2063.71139,2063.96079,0.2494,0
417,circle,white,2067.89823,2068.14765,0.24942,0
418,circle,white,2071.66806,2071.93415,0.26609,0
419,circle,white,2076.10511,2076.35451,0.2494,0
420,circle,white,2080.70897,2080.95836,0.24939,0
421,circle,white,2085.22941,2085.49549,0.26608,0
422,circle,white,2089.7165,2089.98258,0.26608,0
423,circle,white,2093.7699,2094.01931,0.24941,0
424,circle,white,2098.25699,2098.50639,0.2494,0
425,circle,white,2102.26034,2102.50975,0.24941,0
426,circle,white,2106.49722,2106.74663,0.24941,0
427,circle,white,2111.15111,2111.40051,0.2494,0
428,circle,white,2115.50476,2115.77084,0.26608,0
429,circle,white,2119.69159,2119.95769,0.2661,0
430,circle,white,2123.72831,2123.97773,0.24942,0
431,circle,white,2128.19875,2128.4481,0.24935,0
432,circle,white,2132.65247,2132.91852,0.26605,0
433,circle,white,2136.65581,2136.90521,0.2494,0
434,circle,white,2140.52571,2140.77513,0.24942,0
435,circle,white,2144.42898,2144.69507,0.26609,0
436,circle,white,2148.61582,2148.8819,0.26608,0
437,circle,white,2152.63587,2152.88525,0.24938,0
438,circle,white,2156.38901,2156.65508,0.26607,0
439,circle,white,2160.19218,2160.44159,0.24941,0
440,circle,white,2164.01202,2164.26147,0.24945,0
441,circle,white,2168.58253,2168.84861,0.26608,0
442,circle,white,2172.38571,2172.63513,0.24942,0
443,circle,white,2177.00626,2177.25567,0.24941,0
444,circle,white,2181.10969,2181.35909,0.2494,0
445,circle,white,2185.07968,2185.32909,0.24941,0
446,circle,white,2188.91624,2189.18232,0.26608,0
447,circle,white,2192.83618,2193.08558,0.2494,0
448,circle,white,2197.35664,2197.62271,0.26607,0
449,circle,white,2201.39336,2201.64277,0.24941,0
450,circle,white,2205.37999,2205.62943,0.24944,0
451,circle,white,2209.93382,2210.18323,0.24941,0
452,circle,white,2214.0873,2214.33672,0.24942,0
453,circle,white,2218.74121,2218.99062,0.24941,0
454,circle,white,2222.69451,2222.96061,0.2661,0
455,circle,white,2226.91471,2227.16412,0.24941,0
456,circle,white,2231.4852,2231.73462,0.24942,0
457,circle,white,2235.57196,2235.82139,0.24943,0
458,circle,white,2239.5086,2239.75801,0.24941,0
459,circle,white,2243.8122,2244.06159,0.24939,0
460,circle,white,2248.41606,2248.68216,0.2661,0
461,circle,white,2252.41939,2252.6855,0.26611,0
462,circle,white,2256.8064,2257.05584,0.24944,0
463,circle,white,2261.47699,2261.72641,0.24942,0
464,circle,white,2265.48034,2265.72976,0.24942,0
465,circle,white,2270.06752,2270.31693,0.24941,0
466,circle,white,2274.28773,2274.55382,0.26609,0
467,circle,white,2278.67471,2278.92415,0.24944,0
468,circle,white,2282.87825,2283.12768,0.24943,0
469,circle,white,2286.64806,2286.8975,0.24944,0
470,circle,white,2290.90162,2291.15105,0.24943,0
471,circle,white,2295.43876,2295.70485,0.26609,0
472,circle,white,2299.70899,2299.95844,0.24945,0
473,circle,white,2303.71235,2303.97847,0.26612,0
474,circle,white,2307.56557,2307.81503,0.24946,0
475,circle,white,2312.18613,2312.45224,0.26611,0
476,circle,white,2316.65653,2316.90596,0.24943,0
477,circle,white,2320.82669,2321.07611,0.24942,0
478,circle,white,2325.2804,2325.52985,0.24945,0
479,circle,white,2330.00102,2330.25046,0.24944,0
480,biphasic,30,3131.38996,3131.39036,0.0004,1
481,biphasic,30,3135.2593,3135.2597,0.0004,1
482,biphasic,50,3139.22045,3139.22085,0.0004,1
483,biphasic,70,3143.70252,3143.70292,0.0004,1
484,biphasic,70,3147.35934,3147.35974,0.0004,1
485,biphasic,50,3151.71529,3151.71569,0.0004,1
486,biphasic,70,3155.86047,3155.86087,0.0004,1
487,biphasic,30,3159.73718,3159.73758,0.0004,1
488,biphasic,70,3163.42852,3163.42892,0.0004,1
489,biphasic,30,3167.35721,3167.35761,0.0004,1
490,biphasic,30,3171.33965,3171.34005,0.0004,1
491,biphasic,70,3174.9607,3174.9611,0.0004,1
492,biphasic,70,3179.05062,3179.05102,0.0004,1
493,biphasic,50,3182.77723,3182.77763,0.0004,1
494,biphasic,30,3186.66227,3186.66267,0.0004,1
495,biphasic,50,3190.74568,3190.74608,0.0004,1
496,biphasic,70,3194.4979,3194.4983,0.0004,1
497,biphasic,30,3198.28877,3198.28917,0.0004,1
498,biphasic,70,3202.40629,3202.40669,0.0004,1
499,biphasic,50,3206.172,3206.1724,0.0004,1
500,biphasic,70,3210.4968,3210.4972,0.0004,1
501,biphasic,70,3214.97989,3214.98029,0.0004,1
502,biphasic,30,3219.21056,3219.21096,0.0004,1
503,biphasic,50,3223.05487,3223.05527,0.0004,1
504,biphasic,30,3227.13935,3227.13975,0.0004,1
505,biphasic,50,3230.74754,3230.74794,0.0004,1
506,biphasic,70,3235.15426,3235.15466,0.0004,1
507,biphasic,30,3239.53435,3239.53475,0.0004,1
508,biphasic,50,3243.85254,3243.85294,0.0004,1
509,biphasic,50,3247.61369,3247.61409,0.0004,1
510,biphasic,50,3251.70847,3251.70887,0.0004,1
511,biphasic,70,3255.23142,3255.23182,0.0004,1
512,biphasic,30,3259.1571,3259.1575,0.0004,1
513,biphasic,30,3262.97025,3262.97065,0.0004,1
514,biphasic,70,3266.63215,3266.63255,0.0004,1
515,biphasic,70,3270.31133,3270.31173,0.0004,1
516,biphasic,30,3274.23464,3274.23504,0.0004,1
517,biphasic,70,3277.82928,3277.82968,0.0004,1
518,biphasic,50,3281.92823,3281.92863,0.0004,1
519,biphasic,50,3285.89958,3285.89998,0.0004,1
520,biphasic,50,3290.09594,3290.09634,0.0004,1
521,biphasic,30,3294.29625,3294.29665,0.0004,1
522,biphasic,50,3298.43522,3298.43562,0.0004,1
523,biphasic,70,3301.96924,3301.96964,0.0004,1
524,biphasic,30,3305.53846,3305.53886,0.0004,1
525,biphasic,50,3309.35849,3309.35889,0.0004,1
526,biphasic,70,3313.38978,3313.39018,0.0004,1
527,biphasic,50,3317.54464,3317.54504,0.0004,1
528,biphasic,70,3321.45269,3321.45309,0.0004,1
529,biphasic,30,3325.7731,3325.7735,0.0004,1
530,biphasic,30,3329.99189,3329.99229,0.0004,1
531,biphasic,50,3334.46096,3334.46136,0.0004,1
532,biphasic,50,3338.49272,3338.49312,0.0004,1
533,biphasic,30,3342.31829,3342.31869,0.0004,1
534,biphasic,70,3345.92433,3345.92473,0.0004,1
535,biphasic,30,3350.03572,3350.03612,0.0004,1
536,biphasic,30,3354.31495,3354.31535,0.0004,1
537,biphasic,30,3358.23883,3358.23923,0.0004,1
538,biphasic,30,3361.83008,3361.83048,0.0004,1
539,biphasic,30,3365.59698,3365.59738,0.0004,1
540,biphasic,70,3369.25107,3369.25147,0.0004,1
541,biphasic,70,3373.03249,3373.03289,0.0004,1
542,biphasic,50,3376.973,3376.9734,0.0004,1
543,biphasic,50,3381.00056,3381.00096,0.0004,1
544,biphasic,70,3384.95841,3384.95881,0.0004,1
545,biphasic,30,3389.33422,3389.33462,0.0004,1
546,biphasic,70,3393.3527,3393.35311,0.0004,1
547,biphasic,70,3397.79675,3397.79715,0.0004,1
548,biphasic,50,3401.93488,3401.93528,0.0004,1
549,biphasic,70,3406.39301,3406.39341,0.0004,1
550,biphasic,50,3410.13414,3410.13454,0.0004,1
551,biphasic,50,3414.31068,3414.31108,0.0004,1
552,biphasic,50,3418.10017,3418.10057,0.0004,1
553,biphasic,30,3422.2724,3422.2728,0.0004,1
554,biphasic,50,3426.46797,3426.46837,0.0004,1
555,biphasic,70,3430.03639,3430.03679,0.0004,1
556,biphasic,50,3433.79161,3433.79201,0.0004,1
557,biphasic,30,3437.51608,3437.51648,0.0004,1
558,biphasic,70,3441.68435,3441.68475,0.0004,1
559,biphasic,70,3446.02918,3446.02958,0.0004,1
560,biphasic,50,3449.87406,3449.87446,0.0004,1
561,biphasic,50,3454.15501,3454.15541,0.0004,1
562,biphasic,30,3458.33078,3458.33118,0.0004,1
563,biphasic,50,3461.83792,3461.83832,0.0004,1
564,biphasic,50,3465.94053,3465.94093,0.0004,1
565,biphasic,30,3469.82774,3469.82814,0.0004,1
566,biphasic,50,3474.24416,3474.24456,0.0004,1
567,biphasic,70,3477.74575,3477.74615,0.0004,1
568,biphasic,50,3481.70861,3481.70901,0.0004,1
569,biphasic,70,3485.63338,3485.63378,0.0004,1
570,biphasic,50,3489.59473,3489.59513,0.0004,1
571,biphasic,70,3493.86532,3493.86572,0.0004,1
572,biphasic,50,3497.68822,3497.68862,0.0004,1
573,biphasic,50,3501.97339,3501.97379,0.0004,1
574,biphasic,30,3505.94518,3505.94558,0.0004,1
575,biphasic,30,3509.48136,3509.48176,0.0004,1
576,biphasic,30,3513.15767,3513.15807,0.0004,1
577,biphasic,30,3517.37985,3517.38025,0.0004,1
578,biphasic,30,3521.35376,3521.35416,0.0004,1
579,biphasic,50,3525.00691,3525.00731,0.0004,1
580,biphasic,50,3528.84845,3528.84885,0.0004,1
581,biphasic,70,3532.95626,3532.95666,0.0004,1
582,biphasic,50,3536.64842,3536.64882,0.0004,1
583,biphasic,50,3540.88727,3540.88767,0.0004,1
584,biphasic,30,3544.63056,3544.63096,0.0004,1
585,biphasic,50,3549.04841,3549.04881,0.0004,1
586,biphasic,70,3552.81789,3552.81829,0.0004,1
587,biphasic,30,3557.08382,3557.08422,0.0004,1
588,biphasic,30,3560.77291,3560.77331,0.0004,1
589,biphasic,30,3564.56083,3564.56123,0.0004,1
590,biphasic,30,3568.15238,3568.15278,0.0004,1
591,biphasic,70,3572.229,3572.2294,0.0004,1
592,biphasic,50,3576.41279,3576.41319,0.0004,1
593,biphasic,50,3580.45982,3580.46022,0.0004,1
594,biphasic,50,3584.38596,3584.38636,0.0004,1
595,biphasic,70,3588.53083,3588.53123,0.0004,1
596,biphasic,50,3592.67888,3592.67928,0.0004,1
597,biphasic,50,3596.85833,3596.85873,0.0004,1
598,biphasic,30,3600.99454,3600.99494,0.0004,1
599,biphasic,30,3605.44015,3605.44055,0.0004,1
600,biphasic,50,3609.14951,3609.14991,0.0004,1
601,biphasic,70,3613.35922,3613.35962,0.0004,1
602,biphasic,70,3617.09589,3617.09629,0.0004,1
603,biphasic,30,3620.71571,3620.71611,0.0004,1
604,biphasic,50,3624.82344,3624.82384,0.0004,1
605,biphasic,70,3628.774,3628.7744,0.0004,1
606,biphasic,30,3632.73315,3632.73355,0.0004,1
607,biphasic,30,3636.89552,3636.89592,0.0004,1
608,biphasic,50,3641.16623,3641.16663,0.0004,1
609,biphasic,50,3645.01687,3645.01727,0.0004,1
610,biphasic,30,3649.17932,3649.17972,0.0004,1
611,biphasic,50,3653.09591,3653.09631,0.0004,1
612,biphasic,70,3657.43826,3657.43866,0.0004,1
613,biphasic,50,3661.77161,3661.77201,0.0004,1
614,biphasic,50,3665.52847,3665.52887,0.0004,1
615,biphasic,70,3669.64236,3669.64276,0.0004,1
616,biphasic,50,3673.72503,3673.72543,0.0004,1
617,biphasic,30,3677.7662,3677.7666,0.0004,1
618,biphasic,30,3682.13657,3682.13697,0.0004,1
619,biphasic,50,3685.90177,3685.90217,0.0004,1
620,biphasic,70,3689.72028,3689.72068,0.0004,1
621,biphasic,30,3693.33992,3693.34032,0.0004,1
622,biphasic,70,3697.78017,3697.78057,0.0004,1
623,biphasic,70,3701.92616,3701.92656,0.0004,1
624,biphasic,50,3705.90605,3705.90645,0.0004,1
625,biphasic,50,3710.0458,3710.0462,0.0004,1
626,biphasic,50,3714.09094,3714.09134,0.0004,1
627,biphasic,50,3718.23869,3718.23909,0.0004,1
628,biphasic,70,3722.283,3722.2834,0.0004,1
629,biphasic,50,3726.50447,3726.50487,0.0004,1
630,biphasic,70,3730.52739,3730.52779,0.0004,1
631,biphasic,30,3735.02152,3735.02192,0.0004,1
632,biphasic,70,3738.74063,3738.74103,0.0004,1
633,biphasic,50,3742.34685,3742.34725,0.0004,1
634,biphasic,50,3745.95698,3745.95738,0.0004,1
635,biphasic,50,3749.521,3749.5214,0.0004,1
636,biphasic,70,3753.42601,3753.42641,0.0004,1
637,biphasic,70,3757.37482,3757.37522,0.0004,1
638,biphasic,50,3761.24106,3761.24146,0.0004,1
639,biphasic,50,3765.50499,3765.50539,0.0004,1
640,biphasic,30,3769.63332,3769.63372,0.0004,1
641,biphasic,50,3773.90573,3773.90613,0.0004,1
642,biphasic,30,3778.33902,3778.33942,0.0004,1
643,biphasic,30,3782.81219,3782.81259,0.0004,1
644,biphasic,50,3786.50463,3786.50503,0.0004,1
645,biphasic,30,3790.14394,3790.14434,0.0004,1
646,biphasic,50,3794.34063,3794.34103,0.0004,1
647,biphasic,70,3797.93487,3797.93527,0.0004,1
648,biphasic,70,3801.9607,3801.9611,0.0004,1
649,biphasic,30,3805.99147,3805.99187,0.0004,1
650,biphasic,50,3810.35304,3810.35344,0.0004,1
651,biphasic,70,3814.33832,3814.33872,0.0004,1
652,biphasic,30,3818.23221,3818.23261,0.0004,1
653,biphasic,70,3822.40408,3822.40448,0.0004,1
654,biphasic,30,3826.64577,3826.64617,0.0004,1
655,biphasic,50,3830.66625,3830.66665,0.0004,1
656,biphasic,70,3834.5144,3834.5148,0.0004,1
657,biphasic,70,3838.16483,3838.16523,0.0004,1
658,biphasic,50,3842.25135,3842.25175,0.0004,1
659,biphasic,70,3846.01392,3846.01432,0.0004,1
660,biphasic,30,3849.5588,3849.5592,0.0004,1
661,biphasic,70,3853.81417,3853.81457,0.0004,1
662,biphasic,50,3857.55738,3857.55778,0.0004,1
663,biphasic,70,3861.5002,3861.5006,0.0004,1
664,biphasic,30,3865.68843,3865.68883,0.0004,1
665,biphasic,70,3869.54808,3869.54848,0.0004,1
666,biphasic,70,3873.78485,3873.78525,0.0004,1
667,biphasic,30,3877.67997,3877.68037,0.0004,1
668,biphasic,50,3881.86382,3881.86422,0.0004,1
669,biphasic,50,3886.06829,3886.06869,0.0004,1
670,biphasic,50,3890.01102,3890.01142,0.0004,1
671,biphasic,50,3893.53102,3893.53142,0.0004,1
672,biphasic,70,3897.36231,3897.36271,0.0004,1
673,biphasic,70,3901.28703,3901.28743,0.0004,1
674,biphasic,70,3905.05774,3905.05814,0.0004,1
675,biphasic,70,3908.75522,3908.75562,0.0004,1
676,biphasic,30,3913.07737,3913.07777,0.0004,1
677,biphasic,30,3917.00772,3917.00812,0.0004,1
678,biphasic,50,3921.39593,3921.39633,0.0004,1
679,biphasic,30,3925.28754,3925.28794,0.0004,1
680,biphasic,70,3929.55709,3929.55749,0.0004,1
681,biphasic,70,3933.45431,3933.45471,0.0004,1
682,biphasic,30,3937.76326,3937.76366,0.0004,1
683,biphasic,50,3942.01877,3942.01917,0.0004,1
684,biphasic,30,3945.8966,3945.897,0.0004,1
685,biphasic,70,3949.61304,3949.61344,0.0004,1
686,biphasic,30,3953.90387,3953.90427,0.0004,1
687,biphasic,50,3958.3536,3958.354,0.0004,1
688,biphasic,50,3962.18159,3962.18199,0.0004,1
689,biphasic,70,3966.35328,3966.35368,0.0004,1
690,biphasic,30,3970.29234,3970.29274,0.0004,1
691,biphasic,30,3974.62627,3974.62667,0.0004,1
692,biphasic,50,3978.89556,3978.89596,0.0004,1
693,biphasic,70,3982.56325,3982.56365,0.0004,1
694,biphasic,70,3986.92566,3986.92606,0.0004,1
695,biphasic,50,3991.41597,3991.41637,0.0004,1
696,biphasic,30,3995.43081,3995.43121,0.0004,1
697,biphasic,30,3999.81552,3999.81592,0.0004,1
698,biphasic,50,4003.90397,4003.90437,0.0004,1
699,biphasic,50,4007.55916,4007.55956,0.0004,1
700,biphasic,30,4011.25944,4011.25984,0.0004,1
701,biphasic,50,4015.16683,4015.16723,0.0004,1
702,biphasic,70,4019.41596,4019.41636,0.0004,1
703,biphasic,30,4023.74197,4023.74237,0.0004,1
704,biphasic,70,4028.03236,4028.03276,0.0004,1
705,biphasic,50,4031.8513,4031.8517,0.0004,1
706,biphasic,50,4035.88579,4035.88619,0.0004,1
707,biphasic,70,4039.47617,4039.47657,0.0004,1
708,biphasic,50,4043.0883,4043.0887,0.0004,1
709,biphasic,70,4046.72502,4046.72542,0.0004,1
710,biphasic,50,4050.90411,4050.90451,0.0004,1
711,biphasic,30,4054.89972,4054.90012,0.0004,1
712,biphasic,50,4058.58986,4058.59026,0.0004,1
713,biphasic,70,4062.58529,4062.58569,0.0004,1
714,biphasic,50,4066.23332,4066.23372,0.0004,1
715,biphasic,70,4069.78872,4069.78912,0.0004,1
716,biphasic,30,4074.13987,4074.14027,0.0004,1
717,biphasic,30,4078.20086,4078.20126,0.0004,1
718,biphasic,30,4082.63089,4082.63129,0.0004,1
719,biphasic,30,4086.82798,4086.82838,0.0004,1
720,biphasic,70,4090.9112,4090.9116,0.0004,1
721,biphasic,70,4095.22703,4095.22743,0.0004,1
722,biphasic,70,4099.60648,4099.60688,0.0004,1
723,biphasic,70,4104.09583,4104.09623,0.0004,1
724,biphasic,70,4107.59678,4107.59718,0.0004,1
725,biphasic,30,4111.96265,4111.96305,0.0004,1
726,biphasic,70,4116.07563,4116.07603,0.0004,1
727,biphasic,30,4120.56602,4120.56642,0.0004,1
728,biphasic,70,4124.59413,4124.59453,0.0004,1
729,biphasic,70,4128.57408,4128.57448,0.0004,1
730,biphasic,50,4132.87585,4132.87625,0.0004,1
731,biphasic,30,4136.60411,4136.60451,0.0004,1
732,biphasic,30,4140.60264,4140.60304,0.0004,1
733,biphasic,70,4145.00393,4145.00433,0.0004,1
734,biphasic,70,4149.07902,4149.07942,0.0004,1
735,biphasic,30,4153.42463,4153.42503,0.0004,1
736,biphasic,70,4157.6637,4157.6641,0.0004,1
737,biphasic,30,4161.7501,4161.7505,0.0004,1
738,biphasic,30,4165.49727,4165.49767,0.0004,1
739,biphasic,50,4169.66412,4169.66452,0.0004,1
740,biphasic,70,4173.24802,4173.24842,0.0004,1
741,biphasic,70,4177.37441,4177.37481,0.0004,1
742,biphasic,70,4181.53578,4181.53618,0.0004,1
743,biphasic,70,4185.76597,4185.76637,0.0004,1
744,biphasic,70,4190.15716,4190.15756,0.0004,1
745,biphasic,50,4194.63989,4194.64029,0.0004,1
746,biphasic,70,4198.90934,4198.90974,0.0004,1
747,biphasic,30,4202.9912,4202.9916,0.0004,1
748,biphasic,70,4207.41995,4207.42035,0.0004,1
749,biphasic,50,4211.50048,4211.50088,0.0004,1
750,biphasic,30,4215.01789,4215.01829,0.0004,1
751,biphasic,30,4218.63917,4218.63957,0.0004,1
752,biphasic,30,4223.00232,4223.00272,0.0004,1
753,biphasic,30,4226.98705,4226.98745,0.0004,1
754,biphasic,30,4231.33234,4231.33274,0.0004,1
755,biphasic,30,4235.04216,4235.04256,0.0004,1
756,biphasic,30,4239.09489,4239.09529,0.0004,1
757,biphasic,30,4243.2252,4243.2256,0.0004,1
758,biphasic,50,4246.75762,4246.75802,0.0004,1
759,biphasic,70,4250.87277,4250.87317,0.0004,1
760,biphasic,30,4254.73562,4254.73602,0.0004,1
761,biphasic,50,4258.28558,4258.28598,0.0004,1
762,biphasic,50,4262.27559,4262.27599,0.0004,1
763,biphasic,30,4265.96853,4265.96893,0.0004,1
764,biphasic,30,4269.59204,4269.59244,0.0004,1
765,biphasic,50,4273.29796,4273.29836,0.0004,1
766,biphasic,30,4276.94491,4276.94531,0.0004,1
767,biphasic,70,4280.63441,4280.63481,0.0004,1
768,biphasic,50,4284.17749,4284.1779,0.0004,1
769,biphasic,30,4288.31312,4288.31352,0.0004,1
770,biphasic,70,4292.09541,4292.09581,0.0004,1
771,biphasic,50,4296.13444,4296.13484,0.0004,1
772,biphasic,70,4300.33002,4300.33042,0.0004,1
773,biphasic,70,4304.32957,4304.32997,0.0004,1
774,biphasic,50,4308.3658,4308.3662,0.0004,1
775,biphasic,30,4312.31141,4312.31181,0.0004,1
776,biphasic,30,4315.93577,4315.93617,0.0004,1
777,biphasic,70,4319.92656,4319.92696,0.0004,1
778,biphasic,50,4324.27999,4324.28039,0.0004,1
779,biphasic,70,4328.65434,4328.65474,0.0004,1
780,biphasic,50,4332.42506,4332.42546,0.0004,1
781,biphasic,30,4336.13395,4336.13435,0.0004,1
782,biphasic,70,4340.19935,4340.19975,0.0004,1
783,biphasic,30,4344.3401,4344.3405,0.0004,1
784,biphasic,30,4348.25755,4348.25795,0.0004,1
785,biphasic,70,4351.96395,4351.96435,0.0004,1
786,biphasic,30,4356.41232,4356.41272,0.0004,1
787,biphasic,50,4359.99483,4359.99523,0.0004,1
788,biphasic,30,4363.60095,4363.60135,0.0004,1
789,biphasic,50,4367.24342,4367.24382,0.0004,1
790,biphasic,70,4370.9103,4370.9107,0.0004,1
791,biphasic,50,4375.03169,4375.03209,0.0004,1
792,biphasic,50,4379.10584,4379.10624,0.0004,1
793,biphasic,50,4382.65834,4382.65874,0.0004,1
794,biphasic,70,4387.08997,4387.09037,0.0004,1
795,biphasic,70,4391.31906,4391.31946,0.0004,1
796,biphasic,70,4395.55733,4395.55773,0.0004,1
797,biphasic,30,4399.12115,4399.12155,0.0004,1
798,biphasic,70,4403.48202,4403.48242,0.0004,1
799,biphasic,50,4407.91685,4407.91725,0.0004,1
800,biphasic,50,4412.40168,4412.40208,0.0004,1
801,biphasic,70,4416.76105,4416.76145,0.0004,1
802,biphasic,70,4421.04704,4421.04744,0.0004,1
803,biphasic,50,4425.06085,4425.06125,0.0004,1
804,biphasic,50,4428.73887,4428.73927,0.0004,1
805,biphasic,70,4432.63788,4432.63828,0.0004,1
806,biphasic,30,4436.27224,4436.27264,0.0004,1
807,biphasic,30,4439.80357,4439.80397,0.0004,1
808,biphasic,30,4444.24314,4444.24354,0.0004,1
809,biphasic,70,4448.04486,4448.04526,0.0004,1
810,biphasic,50,4451.84083,4451.84123,0.0004,1
811,biphasic,50,4455.6742,4455.6746,0.0004,1
812,biphasic,30,4459.64168,4459.64208,0.0004,1
813,biphasic,50,4463.79031,4463.79071,0.0004,1
814,biphasic,30,4467.31595,4467.31635,0.0004,1
815,biphasic,30,4471.65858,4471.65898,0.0004,1
816,biphasic,50,4475.71805,4475.71845,0.0004,1
817,biphasic,50,4480.07258,4480.07298,0.0004,1
818,biphasic,70,4483.92089,4483.92129,0.0004,1
819,biphasic,50,4487.86733,4487.86773,0.0004,1
820,biphasic,30,4491.422,4491.4224,0.0004,1
821,biphasic,70,4495.09952,4495.09992,0.0004,1
822,biphasic,50,4499.26275,4499.26315,0.0004,1
823,biphasic,30,4503.094,4503.0944,0.0004,1
824,biphasic,30,4507.49291,4507.49331,0.0004,1
825,biphasic,30,4511.11149,4511.11189,0.0004,1
826,biphasic,30,4515.60034,4515.60074,0.0004,1
827,biphasic,30,4519.64075,4519.64115,0.0004,1
828,biphasic,30,4523.8481,4523.8485,0.0004,1
829,biphasic,70,4528.34803,4528.34843,0.0004,1
830,biphasic,30,4532.13629,4532.13669,0.0004,1
831,biphasic,30,4536.05124,4536.05164,0.0004,1
832,biphasic,70,4540.01651,4540.01691,0.0004,1
833,biphasic,70,4544.28089,4544.28129,0.0004,1
834,biphasic,50,4548.59952,4548.59992,0.0004,1
835,biphasic,70,4552.20017,4552.20057,0.0004,1
836,biphasic,70,4555.87871,4555.87911,0.0004,1
837,biphasic,70,4559.73878,4559.73918,0.0004,1
838,biphasic,30,4563.2959,4563.2963,0.0004,1
839,biphasic,70,4567.31821,4567.31861,0.0004,1
840,circle,white,4776.24517,4776.4945,0.24933,1
841,circle,white,4780.53208,4780.78142,0.24934,1
842,circle,white,4784.85239,4785.1017,0.24931,1
843,circle,white,4788.8891,4789.13841,0.24931,1
844,circle,white,4792.82571,4793.07506,0.24935,1
845,circle,white,4797.01254,4797.26188,0.24934,1
846,circle,white,4801.06593,4801.33195,0.26602,1
847,circle,white,4805.40288,4805.65224,0.24936,1
848,circle,white,4809.15602,4809.42205,0.26603,1
849,circle,white,4812.94253,4813.20855,0.26602,1
850,circle,white,4817.21275,4817.47876,0.26601,1
851,circle,white,4821.86665,4822.116,0.24935,1
852,circle,white,4825.92004,4826.16938,0.24934,1
853,circle,white,4830.37376,4830.63976,0.266,1
854,circle,white,4835.09435,4835.34368,0.24933,1
855,circle,white,4839.74824,4839.99755,0.24931,1
856,circle,white,4843.48471,4843.75071,0.266,1
857,circle,white,4847.93842,4848.18772,0.2493,1
858,circle,white,4851.9084,4852.15772,0.24932,1
859,circle,white,4856.47887,4856.7282,0.24933,1
860,circle,white,4860.44885,4860.69818,0.24933,1
861,circle,white,4864.41883,4864.66816,0.24933,1
862,circle,white,4868.18866,4868.45465,0.26599,1
863,circle,white,4872.22534,4872.49137,0.26603,1
864,circle,white,4876.02852,4876.27784,0.24932,1
865,circle,white,4880.26539,4880.51473,0.24934,1
866,circle,white,4884.986,4885.25201,0.26601,1
867,circle,white,4888.87258,4889.12193,0.24935,1
868,circle,white,4893.19287,4893.44219,0.24932,1
869,circle,white,4897.79672,4898.06271,0.26599,1
870,circle,white,4902.48398,4902.73329,0.24931,1
871,circle,white,4906.25379,4906.50309,0.2493,1
872,circle,white,4910.37389,4910.62322,0.24933,1
873,circle,white,4914.9277,4915.17702,0.24932,1
874,circle,white,4919.21461,4919.48062,0.26601,1
875,circle,white,4923.10122,4923.36722,0.266,1
876,circle,white,4927.40482,4927.67081,0.26599,1
877,circle,white,4931.62502,4931.87431,0.24929,1
878,circle,white,4935.39482,4935.66082,0.266,1
879,circle,white,4939.73178,4939.9811,0.24932,1
880,circle,white,4944.13548,4944.40146,0.26598,1
881,circle,white,4948.77269,4949.02201,0.24932,1
882,circle,white,4952.72598,4952.99198,0.266,1
883,circle,white,4956.72932,4956.97865,0.24933,1
884,circle,white,4960.88281,4961.13213,0.24932,1
885,circle,white,4965.48668,4965.73598,0.2493,1
886,circle,white,4969.42328,4969.67258,0.2493,1
887,circle,white,4973.42664,4973.67595,0.24931,1
888,circle,white,4977.86369,4978.12967,0.26598,1
889,circle,white,4982.46753,4982.71684,0.24931,1
890,circle,white,4986.77113,4987.02046,0.24933,1
891,circle,white,4990.92461,4991.17393,0.24932,1
892,circle,white,4994.71112,4994.96042,0.2493,1
893,circle,white,4999.24822,4999.49755,0.24933,1
894,circle,white,5003.10146,5003.35076,0.2493,1
895,circle,white,5007.52182,5007.77114,0.24932,1
896,circle,white,5011.54189,5011.79117,0.24928,1
897,circle,white,5015.72869,5015.97799,0.2493,1
898,circle,white,5019.51521,5019.76451,0.2493,1
899,circle,white,5023.93557,5024.18488,0.24931,1
900,circle,white,5028.52273,5028.78874,0.26601,1
901,circle,white,5033.07656,5033.32586,0.2493,1
902,circle,white,5037.56363,5037.81292,0.24929,1
903,circle,white,5041.58368,5041.84967,0.26599,1
904,circle,white,5046.08745,5046.33675,0.2493,1
905,circle,white,5050.09078,5050.34011,0.24933,1
906,circle,white,5054.32768,5054.57699,0.24931,1
907,circle,white,5058.98157,5059.23089,0.24932,1
908,circle,white,5063.33523,5063.6012,0.26597,1
909,circle,white,5067.53873,5067.78805,0.24932,1
910,circle,white,5071.54208,5071.80804,0.26596,1
911,circle,white,5076.02916,5076.27847,0.24931,1
912,circle,white,5080.49958,5080.74889,0.24931,1
913,circle,white,5084.48622,5084.73556,0.24934,1
914,circle,white,5088.33947,5088.60547,0.266,1
915,circle,white,5092.2594,5092.52539,0.26599,1
916,circle,white,5096.47962,5096.72895,0.24933,1
917,circle,white,5100.46626,5100.71561,0.24935,1
918,circle,white,5104.2361,5104.48541,0.24931,1
919,circle,white,5108.00591,5108.27194,0.26603,1
920,circle,white,5111.8258,5112.09181,0.26601,1
921,circle,white,5116.42965,5116.67898,0.24933,1
922,circle,white,5120.21613,5120.4655,0.24937,1
923,circle,white,5124.81999,5125.08604,0.26605,1
924,circle,white,5128.94012,5129.18946,0.24934,1
925,circle,white,5132.89343,5133.15944,0.26601,1
926,circle,white,5136.78003,5137.02933,0.2493,1
927,circle,white,5140.66658,5140.91594,0.24936,1
928,circle,white,5145.18704,5145.45306,0.26602,1
929,circle,white,5149.2071,5149.4731,0.266,1
930,circle,white,5153.22713,5153.47645,0.24932,1
931,circle,white,5157.76424,5158.01358,0.24934,1
932,circle,white,5161.90103,5162.16707,0.26604,1
933,circle,white,5166.55492,5166.82096,0.26604,1
934,circle,white,5170.52489,5170.79098,0.26609,1
935,circle,white,5174.74512,5174.99447,0.24935,1
936,circle,white,5179.31559,5179.56495,0.24936,1
937,circle,white,5183.40236,5183.65172,0.24936,1
938,circle,white,5187.32231,5187.58834,0.26603,1
939,circle,white,5191.64259,5191.89195,0.24936,1
940,circle,white,5196.26312,5196.5125,0.24938,1
941,circle,white,5200.26649,5200.51582,0.24933,1
942,circle,white,5204.62014,5204.88617,0.26603,1
943,circle,white,5209.29071,5209.55673,0.26602,1
944,circle,white,5213.31074,5213.5601,0.24936,1
945,circle,white,5217.89792,5218.14726,0.24934,1
946,circle,white,5222.15149,5222.40082,0.24933,1
947,circle,white,5226.50512,5226.77114,0.26602,1
948,circle,white,5230.70864,5230.95798,0.24934,1
949,circle,white,5234.47848,5234.72782,0.24934,1
950,circle,white,5238.73204,5238.99805,0.26601,1
951,circle,white,5243.28584,5243.53517,0.24933,1
952,circle,white,5247.52274,5247.78874,0.266,1
953,circle,white,5251.54279,5251.80878,0.26599,1
954,circle,white,5255.41266,5255.662,0.24934,1
955,circle,white,5260.0332,5260.28254,0.24934,1
956,circle,white,5264.48693,5264.73626,0.24933,1
957,circle,white,5268.64042,5268.90643,0.26601,1
958,circle,white,5273.11081,5273.36016,0.24935,1
959,circle,white,5277.83147,5278.09745,0.26598,1
